Spearman over 2,000 fresh models (same population), mean over fits where the
confident pool is short. `short` is averaged over fits that returned anything.

   n items var models fits | short size |    short  ungated   no-inv  shipped   random  classic
  25   200   1      3    6 |        0.0 |        -    0.849    0.849    0.849    0.848    0.871
  25   200   1      4    6 |        0.0 |        -    0.870    0.870    0.879    0.847    0.903
  25   200   1      5    6 |        0.0 |        -    0.876    0.876    0.892    0.848    0.904
  25   200   1      6    6 |        0.0 |        -    0.892    0.892    0.912    0.847    0.916
  25   200   1      8    6 |        0.2 |    0.337    0.923    0.923    0.928    0.847    0.919
  25   200   1     10    4 |        6.2 |    0.638    0.907    0.910    0.919    0.845    0.914
  25   200   1     12    3 |       14.7 |    0.882    0.904    0.919    0.920    0.852    0.924
  25   200   1     15    1 |       11.0 |    0.764    0.896    0.869    0.892    0.843    0.908
  25   200   3      3    5 |        1.6 |    0.837    0.874    0.877    0.887    0.850    0.898
  25   200   3      4    5 |       10.0 |    0.800    0.918    0.920    0.919    0.851    0.900
  25   200   3      5    1 |        5.0 |    0.648    0.867    0.878    0.878    0.853    0.877
  25   200   3      6    1 |        2.0 |    0.620    0.903    0.905    0.909    0.860    0.917
  25   800   1      3    6 |        0.0 |        -    0.865    0.865    0.885    0.845    0.867
  25   800   1      4    6 |        0.0 |        -    0.853    0.853    0.889    0.843    0.890
  25   800   1      5    6 |        0.0 |        -    0.889    0.889    0.898    0.843    0.905
  25   800   1      6    6 |        0.0 |        -    0.892    0.892    0.914    0.845    0.911
  25   800   1      8    5 |        0.2 |    0.286    0.907    0.907    0.921    0.845    0.921
  25   800   1     10    1 |        4.0 |    0.747    0.899    0.912    0.930    0.833    0.924
  25   800   3      3    4 |        0.0 |        -    0.854    0.854    0.876    0.844    0.861
  25   800   3      4    1 |        0.0 |        -    0.890    0.890    0.894    0.831    0.893
  25   800   3      5    1 |        5.0 |    0.624    0.890    0.884    0.893    0.847    0.910
  25   800   3      6    1 |       24.0 |    0.913    0.907    0.923    0.923    0.847    0.917
  50   200   1      3    6 |        0.0 |        -    0.925    0.925    0.935    0.916    0.937
  50   200   1      4    6 |        0.0 |        -    0.926    0.926    0.931    0.917    0.942
  50   200   1      5    6 |        0.0 |        -    0.934    0.934    0.944    0.917    0.949
  50   200   1      6    6 |        0.0 |        -    0.941    0.941    0.951    0.914    0.953
  50   200   1      8    6 |        0.2 |    0.337    0.953    0.953    0.958    0.918    0.956
  50   200   1     10    6 |       12.8 |    0.737    0.948    0.951    0.956    0.918    0.956
  50   200   1     12    6 |       23.2 |    0.911    0.951    0.953    0.957    0.917    0.960
  50   200   1     15    4 |       34.2 |    0.904    0.943    0.950    0.953    0.916    0.956
  50   200   1     20    2 |       41.0 |    0.941    0.953    0.957    0.957    0.912    0.958
  50   200   3      3    6 |        6.5 |    0.888    0.939    0.941    0.946    0.919    0.943
  50   200   3      4    5 |       10.0 |    0.800    0.948    0.949    0.950    0.918    0.945
  50   200   3      5    3 |       24.0 |    0.844    0.948    0.953    0.953    0.919    0.952
  50   200   3      6    3 |       21.7 |    0.829    0.951    0.954    0.954    0.916    0.957
  50   200   3      8    2 |       41.0 |    0.948    0.945    0.956    0.956    0.913    0.954
  50   200   3     10    1 |       48.0 |    0.950    0.951    0.951    0.951    0.915    0.956
  50   800   1      3    6 |        0.0 |        -    0.930    0.930    0.940    0.914    0.933
  50   800   1      4    6 |        0.0 |        -    0.932    0.932    0.941    0.914    0.938
  50   800   1      5    6 |        0.0 |        -    0.935    0.935    0.949    0.915    0.951
  50   800   1      6    6 |        0.0 |        -    0.942    0.942    0.955    0.914    0.955
  50   800   1      8    6 |        4.3 |    0.594    0.948    0.948    0.954    0.917    0.959
  50   800   1     10    2 |       14.5 |    0.833    0.951    0.957    0.959    0.911    0.960
  50   800   1     12    2 |       34.5 |    0.938    0.954    0.952    0.957    0.914    0.959
  50   800   3      3    5 |        8.6 |    0.959    0.931    0.934    0.942    0.912    0.939
  50   800   3      4    2 |       15.0 |    0.949    0.948    0.948    0.951    0.918    0.948
  50   800   3      5    1 |        5.0 |    0.624    0.944    0.942    0.943    0.913    0.956
  50   800   3      6    1 |       24.0 |    0.913    0.943    0.946    0.957    0.911    0.955

198 short (fit, n) cases
mis-keyed items across them,    short: 2
mis-keyed items across them,  ungated: 176
mis-keyed items across them,   no-inv: 132
mis-keyed items across them,  shipped: 26
shipped - no-inv: +9.3 ± 1.1 thousandths (n=198)
shipped - ungated: +10.5 ± 1.1 thousandths (n=198)
shipped - short: +147.3 ± 23.3 thousandths (n=66)
shipped - random: +41.3 ± 1.7 thousandths (n=198)
shipped - classic: -1.2 ± 1.4 thousandths (n=198)
fits where the shipped set ranks below the mean random draw: 7 of 198
