== fresh models: same (0.0, 1.0), anchor size 25
items var models | ins%  usable | flat% back% | n25: size  tool ungated  random filtered classic oracle | live-refused | cover
------------------------------------------------------------------------------------------------------------------------------
  200   1      3 |  100     0.0 |     —     — |       0.0     —   0.849   0.848    0.855   0.871  0.960 |        1.000 | 0.482
  200   1      4 |  100     0.0 |     —     — |       0.0     —   0.870   0.847    0.851   0.903  0.961 |        1.000 | 0.459
  200   1      5 |  100     0.0 |     —     — |       0.0     —   0.876   0.848    0.855   0.904  0.961 |        1.000 | 0.669
  200   1      6 |  100     0.0 |     —     — |       0.0     —   0.892   0.847    0.859   0.916  0.961 |        1.000 | 0.872
  200   1      8 |  100     0.2 |   0.0   0.0 |       0.2 0.337   0.923   0.847    0.855   0.919  0.961 |        0.999 | 0.908
  200   1     10 |   93    12.8 |   2.5   0.0 |      12.5 0.736   0.914   0.847    0.857   0.923  0.961 |        0.897 | 0.933
  200   1     12 |   87    23.2 |   0.6   0.0 |      19.8 0.907   0.912   0.852    0.857   0.928  0.962 |        0.812 | 0.923
  200   1     15 |   76    41.5 |   3.2   1.5 |      22.7 0.902   0.911   0.846    0.849   0.928  0.960 |        0.675 | 0.924
  200   1     20 |   64    60.7 |   1.7   0.0 |      25.0 0.934   0.925   0.845    0.851   0.935  0.960 |        0.539 | 0.927
  200   1     25 |   54    80.7 |   1.2   0.5 |      25.0 0.942   0.932   0.852    0.858   0.941  0.961 |        0.410 | 0.922
  200   1     30 |   46    95.0 |   1.9   0.3 |      25.0 0.945   0.933   0.850    0.852   0.941  0.960 |        0.294 | 0.932
  200   1     40 |   34   123.3 |   2.0   0.8 |      25.0 0.944   0.930   0.850    0.852   0.940  0.960 |        0.149 | 0.922
  200   1     60 |   25   140.7 |   1.2   0.6 |      25.0 0.952   0.944   0.849    0.856   0.950  0.960 |        0.045 | 0.925
  200   1    100 |   18   153.7 |   2.8   0.9 |      25.0 0.956   0.946   0.845    0.851   0.955  0.960 |        0.006 | 0.908
  200   3      3 |   97     6.5 |   1.6   0.0 |       5.5 0.883   0.881   0.852    0.854   0.903  0.963 |        0.950 | 0.845
  200   3      4 |   88    19.8 |   1.2   0.0 |      12.5 0.824   0.922   0.852    0.856   0.902  0.962 |        0.846 | 0.902
  200   3      5 |   74    47.3 |   2.1   0.0 |      21.7 0.890   0.917   0.846    0.854   0.919  0.960 |        0.632 | 0.926
  200   3      6 |   69    51.5 |   0.9   0.0 |      21.2 0.883   0.921   0.851    0.854   0.922  0.959 |        0.597 | 0.922
  200   3      8 |   57    75.8 |   0.5   0.0 |      25.0 0.943   0.931   0.852    0.856   0.935  0.961 |        0.422 | 0.922
  200   3     10 |   45    99.2 |   1.4   0.2 |      25.0 0.944   0.933   0.850    0.853   0.934  0.960 |        0.284 | 0.919
  200   3     12 |   40   110.7 |   1.0   0.5 |      25.0 0.943   0.936   0.848    0.851   0.936  0.960 |        0.212 | 0.918
  200   3     15 |   33   122.2 |   0.8   0.3 |      25.0 0.946   0.941   0.842    0.854   0.941  0.961 |        0.131 | 0.926
  200   3     20 |   28   135.3 |   1.6   0.7 |      25.0 0.949   0.943   0.849    0.856   0.946  0.960 |        0.084 | 0.912
  200   3     25 |   23   148.0 |   2.5   0.9 |      25.0 0.951   0.940   0.848    0.847   0.942  0.961 |        0.036 | 0.908
  200   3     30 |   19   155.2 |   2.9   0.7 |      25.0 0.951   0.945   0.846    0.854   0.948  0.960 |        0.020 | 0.911
  200   3     40 |   16   159.3 |   2.8   0.8 |      25.0 0.956   0.944   0.850    0.853   0.954  0.961 |        0.004 | 0.910
  200   3     60 |   14   164.0 |   3.2   1.0 |      25.0 0.961   0.954   0.846    0.849   0.960  0.962 |        0.000 | 0.899
  200   3    100 |   11   168.8 |   5.6   0.9 |      25.0 0.958   0.949   0.851    0.850   0.957  0.960 |        0.000 | 0.873
  800   1      3 |  100     0.0 |     —     — |       0.0     —   0.865   0.845    0.851   0.867  0.971 |        1.000 | 0.403
  800   1      4 |  100     0.0 |     —     — |       0.0     —   0.853   0.843    0.854   0.890  0.971 |        1.000 | 0.440
  800   1      5 |  100     0.0 |     —     — |       0.0     —   0.889   0.843    0.855   0.905  0.971 |        1.000 | 0.719
  800   1      6 |  100     0.0 |     —     — |       0.0     —   0.892   0.845    0.852   0.911  0.972 |        1.000 | 0.882
  800   1      8 |   99     4.3 |   2.0   0.0 |       4.3 0.594   0.902   0.846    0.854   0.923  0.972 |        0.991 | 0.912
  800   1     10 |   92    57.2 |   0.5   0.0 |      21.5 0.900   0.913   0.843    0.854   0.934  0.972 |        0.883 | 0.930
  800   1     12 |   89    85.2 |   1.6   0.0 |      25.0 0.934   0.920   0.847    0.854   0.934  0.972 |        0.829 | 0.927
  800   1     15 |   78   151.3 |   0.4   0.0 |      25.0 0.938   0.919   0.846    0.851   0.936  0.970 |        0.699 | 0.937
  800   1     20 |   64   241.3 |   1.5   0.0 |      25.0 0.946   0.931   0.842    0.854   0.940  0.972 |        0.532 | 0.940
  800   1     25 |   54   318.0 |   0.9   0.1 |      25.0 0.950   0.943   0.847    0.849   0.946  0.972 |        0.393 | 0.936
  800   1     30 |   44   405.7 |   0.8   0.2 |      25.0 0.956   0.949   0.850    0.853   0.952  0.973 |        0.250 | 0.941
  800   1     40 |   36   476.3 |   1.7   0.8 |      25.0 0.960   0.951   0.843    0.850   0.960  0.973 |        0.159 | 0.934
  800   1     60 |   25   568.5 |   2.1   0.9 |      25.0 0.965   0.954   0.849    0.847   0.966  0.973 |        0.046 | 0.930
  800   1    100 |   18   621.0 |   2.7   1.1 |      25.0 0.968   0.967   0.845    0.855   0.967  0.972 |        0.004 | 0.915
  800   3      3 |   96    28.8 |   0.8   0.0 |       8.3 0.933   0.874   0.846    0.848   0.881  0.972 |        0.944 | 0.894
  800   3      4 |   87    87.2 |   1.1   0.0 |      20.8 0.933   0.920   0.847    0.854   0.910  0.972 |        0.830 | 0.921
  800   3      5 |   73   192.2 |   1.1   0.0 |      21.7 0.889   0.927   0.846    0.853   0.918  0.970 |        0.630 | 0.931
  800   3      6 |   68   223.3 |   1.4   0.0 |      24.8 0.940   0.927   0.848    0.847   0.921  0.971 |        0.578 | 0.931
  800   3      8 |   56   313.2 |   1.4   0.3 |      25.0 0.946   0.922   0.847    0.848   0.938  0.971 |        0.417 | 0.935
  800   3     10 |   43   413.5 |   1.3   0.3 |      25.0 0.955   0.950   0.850    0.852   0.943  0.973 |        0.262 | 0.935
  800   3     12 |   38   454.0 |   1.7   0.3 |      25.0 0.957   0.948   0.850    0.854   0.948  0.973 |        0.203 | 0.934
  800   3     15 |   32   504.5 |   1.3   0.5 |      25.0 0.960   0.955   0.845    0.851   0.951  0.973 |        0.124 | 0.936
  800   3     20 |   27   548.2 |   2.0   0.8 |      25.0 0.965   0.957   0.849    0.850   0.959  0.973 |        0.074 | 0.920
  800   3     25 |   22   589.3 |   1.5   0.5 |      25.0 0.965   0.956   0.840    0.850   0.960  0.973 |        0.027 | 0.927
  800   3     30 |   19   621.0 |   2.2   0.8 |      25.0 0.967   0.956   0.846    0.853   0.961  0.973 |        0.010 | 0.920
  800   3     40 |   17   632.5 |   3.1   1.1 |      25.0 0.967   0.957   0.844    0.854   0.962  0.972 |        0.004 | 0.904
  800   3     60 |   14   662.8 |   4.2   1.4 |      25.0 0.970   0.962   0.847    0.854   0.968  0.972 |        0.000 | 0.874
  800   3    100 |   12   671.5 |   5.4   1.4 |      25.0 0.971   0.965   0.849    0.855   0.969  0.973 |        0.000 | 0.825

== paired differences x1000: same, anchor size 25
items var models |      tool - classic |   ungated - classic |      tool - ungated |  classic - filtered
  200   1      3 |                   — |     -22.0 ± 10.6 k6 |                   — |     +15.6 ±  8.9 k6
  200   1      4 |                   — |     -33.1 ±  5.8 k6 |                   — |     +51.5 ±  6.5 k6
  200   1      5 |                   — |     -27.6 ±  8.1 k6 |                   — |     +48.8 ±  9.8 k6
  200   1      6 |                   — |     -24.2 ±  8.8 k6 |                   — |     +57.8 ±  6.7 k6
  200   1      8 |                   — |      +3.5 ± 12.3 k6 |                   — |     +63.8 ± 11.6 k6
  200   1     10 |      -6.9 ±  5.8 k2 |      -9.1 ±  3.2 k6 |      +7.0 ±  1.1 k2 |     +65.9 ±  8.5 k6
  200   1     12 |      +0.5 ±  1.6 k3 |     -15.9 ±  4.5 k6 |     +12.0 ±  8.4 k3 |     +71.2 ±  4.5 k6
  200   1     15 |      -2.0 ±  2.3 k5 |     -17.4 ±  7.0 k6 |     +16.3 ±  8.3 k5 |     +79.2 ±  5.6 k6
  200   1     20 |      -0.6 ±  3.5 k6 |     -10.2 ±  5.1 k6 |      +9.6 ±  3.2 k6 |     +84.4 ±  6.7 k6
  200   1     25 |      +1.0 ±  1.4 k6 |      -9.8 ±  3.0 k6 |     +10.7 ±  2.2 k6 |     +83.0 ±  3.1 k6
  200   1     30 |      +4.3 ±  2.0 k6 |      -7.9 ±  4.0 k6 |     +12.2 ±  4.6 k6 |     +89.2 ±  4.2 k6
  200   1     40 |      +3.6 ±  1.3 k6 |     -10.7 ±  3.8 k6 |     +14.3 ±  4.0 k6 |     +88.5 ±  3.3 k6
  200   1     60 |      +1.8 ±  1.4 k6 |      -5.9 ±  2.3 k6 |      +7.8 ±  1.9 k6 |     +94.0 ±  3.6 k6
  200   1    100 |      +1.2 ±  0.9 k6 |      -8.8 ±  6.9 k6 |     +10.0 ±  6.6 k6 |    +103.4 ±  2.8 k6
  200   3      3 |      -3.4        k1 |     -22.7 ± 13.9 k6 |     +15.0        k1 |     +49.7 ±  6.9 k6
  200   3      4 |     +29.9        k1 |     +19.9 ±  4.7 k6 |      +0.0        k1 |     +46.0 ± 10.7 k6
  200   3      5 |     +11.1 ±  9.8 k5 |      -2.1 ±  9.6 k6 |     +11.5 ±  2.4 k5 |     +65.6 ± 10.1 k6
  200   3      6 |     +12.4 ±  3.2 k5 |      -0.7 ±  5.6 k6 |     +10.6 ±  4.2 k5 |     +68.1 ±  4.9 k6
  200   3      8 |      +8.6 ±  2.3 k6 |      -3.2 ±  3.6 k6 |     +11.8 ±  4.7 k6 |     +79.0 ±  1.5 k6
  200   3     10 |     +10.5 ±  4.6 k6 |      -0.6 ±  5.3 k6 |     +11.0 ±  3.0 k6 |     +81.3 ±  4.5 k6
  200   3     12 |      +7.6 ±  3.1 k6 |      +0.4 ±  5.0 k6 |      +7.2 ±  3.4 k6 |     +84.5 ±  4.0 k6
  200   3     15 |      +5.8 ±  2.5 k6 |      -0.1 ±  4.0 k6 |      +5.9 ±  3.0 k6 |     +87.1 ±  2.4 k6
  200   3     20 |      +2.9 ±  1.3 k6 |      -2.4 ±  4.1 k6 |      +5.3 ±  3.2 k6 |     +90.2 ±  2.3 k6
  200   3     25 |      +9.0 ±  2.3 k6 |      -2.3 ±  4.0 k6 |     +11.3 ±  3.1 k6 |     +94.9 ±  5.0 k6
  200   3     30 |      +3.3 ±  1.2 k6 |      -2.8 ±  3.5 k6 |      +6.2 ±  3.2 k6 |     +93.6 ±  4.1 k6
  200   3     40 |      +1.8 ±  0.7 k6 |     -10.6 ±  6.2 k6 |     +12.4 ±  6.1 k6 |    +101.0 ±  5.0 k6
  200   3     60 |      +1.0 ±  0.4 k6 |      -6.0 ±  2.5 k6 |      +7.1 ±  2.2 k6 |    +110.3 ±  2.5 k6
  200   3    100 |      +1.8 ±  0.4 k6 |      -7.6 ±  2.7 k6 |      +9.4 ±  2.9 k6 |    +106.9 ±  6.2 k6
  800   1      3 |                   — |      -1.8 ± 20.1 k6 |                   — |     +15.4 ± 16.6 k6
  800   1      4 |                   — |     -37.0 ± 16.5 k6 |                   — |     +36.0 ±  7.3 k6
  800   1      5 |                   — |     -15.6 ±  4.6 k6 |                   — |     +49.9 ± 11.2 k6
  800   1      6 |                   — |     -19.2 ± 12.3 k6 |                   — |     +59.1 ±  6.5 k6
  800   1      8 |     -32.2        k1 |     -21.2 ±  9.8 k6 |     +25.9        k1 |     +69.3 ±  7.0 k6
  800   1     10 |      -4.6 ±  3.9 k5 |     -20.5 ±  4.0 k6 |     +15.3 ±  8.2 k5 |     +79.3 ±  5.2 k6
  800   1     12 |      +0.4 ±  2.5 k6 |     -13.5 ±  3.9 k6 |     +13.9 ±  3.9 k6 |     +79.7 ±  3.7 k6
  800   1     15 |      +2.3 ±  4.5 k6 |     -16.2 ±  7.9 k6 |     +18.4 ±  6.4 k6 |     +84.5 ±  8.6 k6
  800   1     20 |      +6.2 ±  3.5 k6 |      -8.7 ±  4.1 k6 |     +14.9 ±  7.1 k6 |     +86.2 ±  7.6 k6
  800   1     25 |      +4.0 ±  1.8 k6 |      -3.4 ±  3.5 k6 |      +7.4 ±  2.9 k6 |     +96.8 ±  2.6 k6
  800   1     30 |      +3.8 ±  3.8 k6 |      -2.4 ±  5.1 k6 |      +6.2 ±  2.3 k6 |     +98.9 ±  4.6 k6
  800   1     40 |      -0.2 ±  0.8 k6 |      -8.9 ±  1.7 k6 |      +8.7 ±  1.7 k6 |    +109.6 ±  4.3 k6
  800   1     60 |      -0.2 ±  0.6 k6 |     -11.8 ±  6.1 k6 |     +11.6 ±  6.1 k6 |    +118.7 ±  3.0 k6
  800   1    100 |      +0.5 ±  0.3 k6 |      -0.2 ±  0.9 k6 |      +0.7 ±  0.7 k6 |    +112.3 ±  4.0 k6
  800   3      3 |     +10.7 ±  9.3 k2 |      -7.0 ± 14.6 k6 |     +18.1 ±  9.0 k2 |     +33.0 ± 14.6 k6
  800   3      4 |     +19.7 ±  5.3 k5 |     +10.1 ±  6.0 k6 |      +7.0 ±  6.3 k5 |     +55.1 ±  5.5 k6
  800   3      5 |     +22.2 ±  7.4 k5 |      +8.4 ± 10.6 k6 |      +8.2 ±  6.4 k5 |     +65.3 ±  5.8 k6
  800   3      6 |     +24.0 ±  6.2 k5 |      +5.8 ±  6.2 k6 |     +14.9 ±  6.2 k5 |     +73.6 ±  7.5 k6
  800   3      8 |      +7.6 ±  2.2 k6 |     -16.3 ±  7.3 k6 |     +24.0 ±  7.3 k6 |     +90.4 ±  4.3 k6
  800   3     10 |     +12.6 ±  3.4 k6 |      +6.9 ±  5.1 k6 |      +5.7 ±  3.0 k6 |     +90.4 ±  5.6 k6
  800   3     12 |      +9.5 ±  3.1 k6 |      +0.0 ±  4.4 k6 |      +9.5 ±  3.3 k6 |     +93.4 ±  5.4 k6
  800   3     15 |      +9.7 ±  2.2 k6 |      +4.3 ±  2.7 k6 |      +5.5 ±  2.0 k6 |    +100.1 ±  3.2 k6
  800   3     20 |      +6.8 ±  2.3 k6 |      -1.9 ±  4.7 k6 |      +8.7 ±  4.6 k6 |    +108.4 ±  3.3 k6
  800   3     25 |      +4.5 ±  1.5 k6 |      -4.2 ±  4.0 k6 |      +8.7 ±  3.0 k6 |    +110.5 ±  4.5 k6
  800   3     30 |      +5.9 ±  1.8 k6 |      -5.0 ±  4.1 k6 |     +10.9 ±  3.3 k6 |    +108.5 ±  3.2 k6
  800   3     40 |      +5.6 ±  0.9 k6 |      -4.5 ±  2.6 k6 |     +10.1 ±  2.5 k6 |    +107.6 ±  1.5 k6
  800   3     60 |      +2.5 ±  1.1 k6 |      -6.0 ±  2.9 k6 |      +8.4 ±  2.0 k6 |    +113.6 ±  1.8 k6
  800   3    100 |      +2.2 ±  0.5 k6 |      -3.5 ±  2.6 k6 |      +5.7 ±  2.3 k6 |    +114.2 ±  2.3 k6

== fresh models: same (0.0, 1.0), anchor size 50
items var models | ins%  usable | flat% back% | n50: size  tool ungated  random filtered classic oracle | live-refused | cover
------------------------------------------------------------------------------------------------------------------------------
  200   1      3 |  100     0.0 |     —     — |       0.0     —   0.925   0.916    0.922   0.937  0.973 |        1.000 | 0.482
  200   1      4 |  100     0.0 |     —     — |       0.0     —   0.926   0.917    0.917   0.942  0.973 |        1.000 | 0.459
  200   1      5 |  100     0.0 |     —     — |       0.0     —   0.934   0.917    0.921   0.949  0.974 |        1.000 | 0.669
  200   1      6 |  100     0.0 |     —     — |       0.0     —   0.941   0.914    0.921   0.953  0.974 |        1.000 | 0.872
  200   1      8 |  100     0.2 |   0.0   0.0 |       0.2 0.337   0.953   0.918    0.923   0.956  0.975 |        0.999 | 0.908
  200   1     10 |   93    12.8 |   2.5   0.0 |      12.8 0.737   0.948   0.918    0.921   0.956  0.974 |        0.897 | 0.933
  200   1     12 |   87    23.2 |   0.6   0.0 |      23.2 0.911   0.951   0.917    0.922   0.960  0.975 |        0.812 | 0.923
  200   1     15 |   76    41.5 |   3.2   1.5 |      39.5 0.922   0.949   0.916    0.919   0.959  0.973 |        0.675 | 0.924
  200   1     20 |   64    60.7 |   1.7   0.0 |      47.0 0.955   0.955   0.915    0.920   0.960  0.973 |        0.539 | 0.927
  200   1     25 |   54    80.7 |   1.2   0.5 |      50.0 0.963   0.959   0.920    0.923   0.964  0.974 |        0.410 | 0.922
  200   1     30 |   46    95.0 |   1.9   0.3 |      50.0 0.964   0.959   0.916    0.921   0.964  0.974 |        0.294 | 0.932
  200   1     40 |   34   123.3 |   2.0   0.8 |      50.0 0.965   0.960   0.918    0.919   0.964  0.974 |        0.149 | 0.922
  200   1     60 |   25   140.7 |   1.2   0.6 |      50.0 0.969   0.965   0.917    0.919   0.969  0.974 |        0.045 | 0.925
  200   1    100 |   18   153.7 |   2.8   0.9 |      50.0 0.971   0.968   0.916    0.917   0.970  0.973 |        0.006 | 0.908
  200   3      3 |   97     6.5 |   1.6   0.0 |       6.5 0.888   0.939   0.919    0.920   0.943  0.974 |        0.950 | 0.845
  200   3      4 |   88    19.8 |   1.2   0.0 |      16.7 0.827   0.950   0.917    0.920   0.947  0.975 |        0.846 | 0.902
  200   3      5 |   74    47.3 |   2.1   0.0 |      37.0 0.904   0.954   0.916    0.919   0.957  0.973 |        0.632 | 0.926
  200   3      6 |   69    51.5 |   0.9   0.0 |      35.8 0.897   0.955   0.916    0.919   0.959  0.973 |        0.597 | 0.922
  200   3      8 |   57    75.8 |   0.5   0.0 |      47.0 0.961   0.958   0.917    0.921   0.963  0.974 |        0.422 | 0.922
  200   3     10 |   45    99.2 |   1.4   0.2 |      49.7 0.964   0.959   0.916    0.919   0.961  0.974 |        0.284 | 0.919
  200   3     12 |   40   110.7 |   1.0   0.5 |      50.0 0.964   0.960   0.918    0.920   0.962  0.973 |        0.212 | 0.918
  200   3     15 |   33   122.2 |   0.8   0.3 |      50.0 0.967   0.961   0.915    0.918   0.964  0.973 |        0.131 | 0.926
  200   3     20 |   28   135.3 |   1.6   0.7 |      50.0 0.968   0.965   0.917    0.920   0.967  0.974 |        0.084 | 0.912
  200   3     25 |   23   148.0 |   2.5   0.9 |      50.0 0.968   0.965   0.915    0.917   0.965  0.974 |        0.036 | 0.908
  200   3     30 |   19   155.2 |   2.9   0.7 |      50.0 0.970   0.965   0.918    0.919   0.968  0.973 |        0.020 | 0.911
  200   3     40 |   16   159.3 |   2.8   0.8 |      50.0 0.972   0.968   0.918    0.919   0.971  0.974 |        0.004 | 0.910
  200   3     60 |   14   164.0 |   3.2   1.0 |      50.0 0.973   0.970   0.915    0.917   0.972  0.975 |        0.000 | 0.899
  200   3    100 |   11   168.8 |   5.6   0.9 |      50.0 0.973   0.969   0.917    0.918   0.972  0.974 |        0.000 | 0.873
  800   1      3 |  100     0.0 |     —     — |       0.0     —   0.930   0.914    0.918   0.933  0.982 |        1.000 | 0.403
  800   1      4 |  100     0.0 |     —     — |       0.0     —   0.932   0.914    0.917   0.938  0.982 |        1.000 | 0.440
  800   1      5 |  100     0.0 |     —     — |       0.0     —   0.935   0.915    0.917   0.951  0.983 |        1.000 | 0.719
  800   1      6 |  100     0.0 |     —     — |       0.0     —   0.942   0.914    0.919   0.955  0.983 |        1.000 | 0.882
  800   1      8 |   99     4.3 |   2.0   0.0 |       4.3 0.594   0.948   0.917    0.919   0.959  0.983 |        0.991 | 0.912
  800   1     10 |   92    57.2 |   0.5   0.0 |      38.2 0.920   0.956   0.915    0.920   0.965  0.984 |        0.883 | 0.930
  800   1     12 |   89    85.2 |   1.6   0.0 |      44.8 0.957   0.956   0.915    0.918   0.964  0.983 |        0.829 | 0.927
  800   1     15 |   78   151.3 |   0.4   0.0 |      50.0 0.966   0.956   0.913    0.917   0.965  0.982 |        0.699 | 0.937
  800   1     20 |   64   241.3 |   1.5   0.0 |      50.0 0.970   0.965   0.916    0.918   0.970  0.983 |        0.532 | 0.940
  800   1     25 |   54   318.0 |   0.9   0.1 |      50.0 0.972   0.968   0.915    0.919   0.970  0.984 |        0.393 | 0.936
  800   1     30 |   44   405.7 |   0.8   0.2 |      50.0 0.975   0.971   0.916    0.919   0.973  0.984 |        0.250 | 0.941
  800   1     40 |   36   476.3 |   1.7   0.8 |      50.0 0.977   0.973   0.916    0.917   0.977  0.984 |        0.159 | 0.934
  800   1     60 |   25   568.5 |   2.1   0.9 |      50.0 0.979   0.974   0.915    0.916   0.979  0.984 |        0.046 | 0.930
  800   1    100 |   18   621.0 |   2.7   1.1 |      50.0 0.980   0.977   0.919    0.919   0.981  0.983 |        0.004 | 0.915
  800   3      3 |   96    28.8 |   0.8   0.0 |      15.5 0.957   0.933   0.912    0.915   0.942  0.983 |        0.944 | 0.894
  800   3      4 |   87    87.2 |   1.1   0.0 |      38.3 0.957   0.953   0.915    0.920   0.952  0.983 |        0.830 | 0.921
  800   3      5 |   73   192.2 |   1.1   0.0 |      42.5 0.910   0.958   0.913    0.916   0.957  0.982 |        0.630 | 0.931
  800   3      6 |   68   223.3 |   1.4   0.0 |      45.7 0.959   0.958   0.913    0.917   0.960  0.983 |        0.578 | 0.931
  800   3      8 |   56   313.2 |   1.4   0.3 |      50.0 0.969   0.962   0.915    0.918   0.966  0.983 |        0.417 | 0.935
  800   3     10 |   43   413.5 |   1.3   0.3 |      50.0 0.976   0.972   0.916    0.919   0.969  0.984 |        0.262 | 0.935
  800   3     12 |   38   454.0 |   1.7   0.3 |      50.0 0.975   0.971   0.916    0.917   0.972  0.983 |        0.203 | 0.934
  800   3     15 |   32   504.5 |   1.3   0.5 |      50.0 0.976   0.971   0.917    0.919   0.973  0.983 |        0.124 | 0.936
  800   3     20 |   27   548.2 |   2.0   0.8 |      50.0 0.979   0.973   0.915    0.918   0.975  0.984 |        0.074 | 0.920
  800   3     25 |   22   589.3 |   1.5   0.5 |      50.0 0.979   0.974   0.917    0.916   0.977  0.983 |        0.027 | 0.927
  800   3     30 |   19   621.0 |   2.2   0.8 |      50.0 0.980   0.975   0.916    0.916   0.977  0.983 |        0.010 | 0.920
  800   3     40 |   17   632.5 |   3.1   1.1 |      50.0 0.980   0.976   0.916    0.915   0.979  0.983 |        0.004 | 0.904
  800   3     60 |   14   662.8 |   4.2   1.4 |      50.0 0.982   0.979   0.916    0.916   0.981  0.984 |        0.000 | 0.874
  800   3    100 |   12   671.5 |   5.4   1.4 |      50.0 0.982   0.978   0.915    0.918   0.982  0.984 |        0.000 | 0.825

== paired differences x1000: same, anchor size 50
items var models |      tool - classic |   ungated - classic |      tool - ungated |  classic - filtered
  200   1      3 |                   — |     -11.8 ±  5.6 k6 |                   — |     +14.4 ±  3.5 k6
  200   1      4 |                   — |     -16.3 ±  1.4 k6 |                   — |     +24.7 ±  2.9 k6
  200   1      5 |                   — |     -14.9 ±  7.2 k6 |                   — |     +28.0 ±  2.9 k6
  200   1      6 |                   — |     -11.2 ±  2.2 k6 |                   — |     +31.2 ±  3.3 k6
  200   1      8 |                   — |      -3.0 ±  3.8 k6 |                   — |     +32.9 ±  3.6 k6
  200   1     10 |                   — |      -7.9 ±  2.0 k6 |                   — |     +35.1 ±  3.0 k6
  200   1     12 |                   — |      -8.7 ±  1.8 k6 |                   — |     +37.6 ±  2.1 k6
  200   1     15 |      -3.5 ±  3.3 k2 |      -9.8 ±  4.1 k6 |      -1.6 ±  3.5 k2 |     +39.5 ±  1.2 k6
  200   1     20 |      -0.2 ±  0.9 k4 |      -5.3 ±  0.9 k6 |      +5.3 ±  1.4 k4 |     +40.8 ±  1.8 k6
  200   1     25 |      -1.2 ±  1.6 k6 |      -5.0 ±  0.7 k6 |      +3.8 ±  1.2 k6 |     +41.6 ±  1.0 k6
  200   1     30 |      +0.4 ±  0.5 k6 |      -5.2 ±  1.7 k6 |      +5.6 ±  1.6 k6 |     +43.4 ±  2.6 k6
  200   1     40 |      +0.4 ±  0.7 k6 |      -4.0 ±  1.6 k6 |      +4.5 ±  1.3 k6 |     +44.8 ±  1.8 k6
  200   1     60 |      +0.2 ±  0.6 k6 |      -3.3 ±  0.3 k6 |      +3.5 ±  0.4 k6 |     +49.0 ±  1.7 k6
  200   1    100 |      +1.1 ±  0.3 k6 |      -2.1 ±  1.4 k6 |      +3.1 ±  1.6 k6 |     +52.9 ±  2.0 k6
  200   3      3 |                   — |      -4.2 ±  6.6 k6 |                   — |     +23.7 ±  2.4 k6
  200   3      4 |      +6.6        k1 |      +3.0 ±  3.1 k6 |      +3.4        k1 |     +27.0 ±  4.5 k6
  200   3      5 |      +3.7 ±  1.8 k3 |      -2.9 ±  1.6 k6 |      +6.0 ±  1.5 k3 |     +37.8 ±  4.3 k6
  200   3      6 |      +4.1 ±  1.1 k3 |      -4.3 ±  1.6 k6 |      +6.7 ±  3.1 k3 |     +39.6 ±  1.9 k6
  200   3      8 |      +0.7 ±  0.4 k4 |      -5.0 ±  1.6 k6 |      +4.1 ±  1.5 k4 |     +41.1 ±  2.0 k6
  200   3     10 |      +5.0 ±  1.4 k5 |      -1.8 ±  1.7 k6 |      +6.4 ±  2.6 k5 |     +41.5 ±  2.1 k6
  200   3     12 |      +1.4 ±  1.8 k6 |      -2.1 ±  1.1 k6 |      +3.6 ±  2.0 k6 |     +42.5 ±  2.0 k6
  200   3     15 |      +2.7 ±  0.7 k6 |      -3.0 ±  1.6 k6 |      +5.7 ±  1.3 k6 |     +46.6 ±  1.7 k6
  200   3     20 |      +0.8 ±  0.6 k6 |      -2.2 ±  1.1 k6 |      +3.0 ±  0.8 k6 |     +47.1 ±  1.4 k6
  200   3     25 |      +3.2 ±  1.4 k6 |      -0.5 ±  1.7 k6 |      +3.8 ±  0.6 k6 |     +47.8 ±  2.8 k6
  200   3     30 |      +2.5 ±  1.0 k6 |      -2.4 ±  1.4 k6 |      +4.8 ±  1.3 k6 |     +49.0 ±  1.5 k6
  200   3     40 |      +0.6 ±  0.4 k6 |      -3.3 ±  1.9 k6 |      +3.9 ±  1.9 k6 |     +52.0 ±  1.8 k6
  200   3     60 |      +0.7 ±  0.3 k6 |      -2.4 ±  1.1 k6 |      +3.1 ±  1.0 k6 |     +55.1 ±  1.3 k6
  200   3    100 |      +1.3 ±  0.2 k6 |      -2.8 ±  1.2 k6 |      +4.1 ±  1.2 k6 |     +54.0 ±  1.6 k6
  800   1      3 |                   — |      -3.0 ±  4.0 k6 |                   — |     +14.5 ±  3.9 k6
  800   1      4 |                   — |      -6.1 ±  8.2 k6 |                   — |     +20.7 ±  5.9 k6
  800   1      5 |                   — |     -16.7 ±  2.6 k6 |                   — |     +34.3 ±  4.5 k6
  800   1      6 |                   — |     -12.5 ±  4.8 k6 |                   — |     +35.4 ±  2.8 k6
  800   1      8 |                   — |     -10.8 ±  2.5 k6 |                   — |     +39.2 ±  1.7 k6
  800   1     10 |      -3.8 ±  3.5 k4 |      -8.7 ±  1.3 k6 |      +4.7 ±  3.5 k4 |     +45.3 ±  2.0 k6
  800   1     12 |      +0.5 ±  2.1 k4 |      -7.3 ±  1.8 k6 |      +8.8 ±  1.7 k4 |     +45.4 ±  1.7 k6
  800   1     15 |      +0.6 ±  0.6 k6 |      -8.6 ±  2.1 k6 |      +9.2 ±  2.0 k6 |     +47.8 ±  2.8 k6
  800   1     20 |      -0.4 ±  0.5 k6 |      -5.4 ±  1.1 k6 |      +4.9 ±  1.1 k6 |     +51.9 ±  2.5 k6
  800   1     25 |      +1.5 ±  0.8 k6 |      -2.8 ±  2.4 k6 |      +4.3 ±  1.8 k6 |     +51.9 ±  2.0 k6
  800   1     30 |      +1.8 ±  1.1 k6 |      -2.4 ±  1.8 k6 |      +4.1 ±  1.8 k6 |     +54.1 ±  1.7 k6
  800   1     40 |      +0.4 ±  0.6 k6 |      -4.3 ±  1.0 k6 |      +4.7 ±  1.1 k6 |     +60.2 ±  1.9 k6
  800   1     60 |      +0.0 ±  0.3 k6 |      -4.9 ±  2.7 k6 |      +5.0 ±  2.6 k6 |     +63.2 ±  0.9 k6
  800   1    100 |      -0.1 ±  0.2 k6 |      -3.6 ±  1.2 k6 |      +3.5 ±  1.2 k6 |     +61.3 ±  1.9 k6
  800   3      3 |      -4.1        k1 |      -8.9 ±  4.1 k6 |     +12.9        k1 |     +27.2 ±  5.4 k6
  800   3      4 |      +4.8 ±  6.7 k4 |      +0.5 ±  3.4 k6 |      +4.3 ±  2.6 k4 |     +32.6 ±  3.4 k6
  800   3      5 |      +9.7 ±  3.0 k5 |      +0.3 ±  4.8 k6 |      +7.0 ±  3.6 k5 |     +40.9 ±  2.8 k6
  800   3      6 |      +8.3 ±  2.7 k5 |      -1.7 ±  4.8 k6 |      +8.0 ±  3.1 k5 |     +42.1 ±  1.9 k6
  800   3      8 |      +3.0 ±  1.9 k6 |      -4.0 ±  2.3 k6 |      +7.0 ±  1.8 k6 |     +48.7 ±  1.4 k6
  800   3     10 |      +7.1 ±  1.0 k6 |      +3.2 ±  1.9 k6 |      +3.8 ±  1.1 k6 |     +49.8 ±  0.7 k6
  800   3     12 |      +3.2 ±  1.1 k6 |      -0.8 ±  1.3 k6 |      +3.9 ±  1.2 k6 |     +54.7 ±  1.7 k6
  800   3     15 |      +3.4 ±  1.2 k6 |      -1.8 ±  1.3 k6 |      +5.2 ±  0.9 k6 |     +53.8 ±  2.6 k6
  800   3     20 |      +3.8 ±  1.5 k6 |      -2.0 ±  1.2 k6 |      +5.8 ±  1.8 k6 |     +57.0 ±  1.6 k6
  800   3     25 |      +2.0 ±  0.7 k6 |      -3.0 ±  0.8 k6 |      +5.0 ±  1.1 k6 |     +61.2 ±  2.0 k6
  800   3     30 |      +3.0 ±  1.3 k6 |      -2.5 ±  1.6 k6 |      +5.4 ±  1.6 k6 |     +60.9 ±  1.4 k6
  800   3     40 |      +1.5 ±  0.6 k6 |      -2.5 ±  1.3 k6 |      +4.0 ±  0.9 k6 |     +63.1 ±  1.0 k6
  800   3     60 |      +1.3 ±  0.2 k6 |      -2.3 ±  1.1 k6 |      +3.6 ±  1.0 k6 |     +64.7 ±  1.6 k6
  800   3    100 |      +0.7 ±  0.5 k6 |      -3.6 ±  0.9 k6 |      +4.4 ±  0.5 k6 |     +63.8 ±  0.7 k6

== fresh models: stronger (1.0, 0.7), anchor size 25
items var models | ins%  usable | flat% back% | stronger_n25: size  tool ungated  random filtered classic oracle | live-refused | cover
---------------------------------------------------------------------------------------------------------------------------------------
  200   1      3 |  100     0.0 |     —     — |       0.0     —   0.725   0.718    0.721   0.754  0.893 |        1.000 | 0.482
  200   1      4 |  100     0.0 |     —     — |       0.0     —   0.707   0.714    0.708   0.772  0.896 |        1.000 | 0.459
  200   1      5 |  100     0.0 |     —     — |       0.0     —   0.754   0.712    0.718   0.781  0.896 |        1.000 | 0.669
  200   1      6 |  100     0.0 |     —     — |       0.0     —   0.772   0.711    0.721   0.788  0.899 |        1.000 | 0.872
  200   1      8 |  100     0.2 |   0.0   0.0 |       0.2 0.223   0.831   0.715    0.726   0.831  0.901 |        0.999 | 0.908
  200   1     10 |   93    12.8 |   2.5   0.0 |      12.5 0.588   0.794   0.718    0.730   0.820  0.897 |        0.897 | 0.933
  200   1     12 |   87    23.2 |   0.6   0.0 |      19.8 0.784   0.794   0.712    0.726   0.823  0.899 |        0.812 | 0.923
  200   1     15 |   76    41.5 |   3.2   1.5 |      22.7 0.757   0.796   0.712    0.715   0.819  0.896 |        0.675 | 0.924
  200   1     20 |   64    60.7 |   1.7   0.0 |      25.0 0.832   0.819   0.711    0.718   0.855  0.891 |        0.539 | 0.927
  200   1     25 |   54    80.7 |   1.2   0.5 |      25.0 0.852   0.831   0.721    0.729   0.858  0.899 |        0.410 | 0.922
  200   1     30 |   46    95.0 |   1.9   0.3 |      25.0 0.853   0.823   0.714    0.717   0.853  0.895 |        0.294 | 0.932
  200   1     40 |   34   123.3 |   2.0   0.8 |      25.0 0.862   0.835   0.718    0.722   0.851  0.894 |        0.149 | 0.922
  200   1     60 |   25   140.7 |   1.2   0.6 |      25.0 0.865   0.850   0.723    0.732   0.866  0.892 |        0.045 | 0.925
  200   1    100 |   18   153.7 |   2.8   0.9 |      25.0 0.890   0.874   0.717    0.724   0.881  0.902 |        0.006 | 0.908
  200   3      3 |   97     6.5 |   1.6   0.0 |       5.5 0.784   0.792   0.719    0.718   0.797  0.901 |        0.950 | 0.845
  200   3      4 |   88    19.8 |   1.2   0.0 |      12.5 0.679   0.806   0.712    0.719   0.778  0.899 |        0.846 | 0.902
  200   3      5 |   74    47.3 |   2.1   0.0 |      21.7 0.794   0.809   0.712    0.720   0.806  0.896 |        0.632 | 0.926
  200   3      6 |   69    51.5 |   0.9   0.0 |      21.2 0.772   0.814   0.721    0.723   0.798  0.892 |        0.597 | 0.922
  200   3      8 |   57    75.8 |   0.5   0.0 |      25.0 0.856   0.839   0.722    0.724   0.829  0.896 |        0.422 | 0.922
  200   3     10 |   45    99.2 |   1.4   0.2 |      25.0 0.866   0.843   0.714    0.716   0.840  0.895 |        0.284 | 0.919
  200   3     12 |   40   110.7 |   1.0   0.5 |      25.0 0.856   0.845   0.715    0.715   0.838  0.894 |        0.212 | 0.918
  200   3     15 |   33   122.2 |   0.8   0.3 |      25.0 0.857   0.845   0.712    0.728   0.855  0.897 |        0.131 | 0.926
  200   3     20 |   28   135.3 |   1.6   0.7 |      25.0 0.863   0.853   0.723    0.730   0.861  0.892 |        0.084 | 0.912
  200   3     25 |   23   148.0 |   2.5   0.9 |      25.0 0.880   0.861   0.724    0.724   0.866  0.899 |        0.036 | 0.908
  200   3     30 |   19   155.2 |   2.9   0.7 |      25.0 0.877   0.863   0.720    0.732   0.871  0.901 |        0.020 | 0.911
  200   3     40 |   16   159.3 |   2.8   0.8 |      25.0 0.885   0.867   0.721    0.729   0.878  0.896 |        0.004 | 0.910
  200   3     60 |   14   164.0 |   3.2   1.0 |      25.0 0.894   0.880   0.719    0.719   0.886  0.902 |        0.000 | 0.899
  200   3    100 |   11   168.8 |   5.6   0.9 |      25.0 0.886   0.865   0.723    0.727   0.877  0.898 |        0.000 | 0.873
  800   1      3 |  100     0.0 |     —     — |       0.0     —   0.731   0.719    0.720   0.763  0.911 |        1.000 | 0.403
  800   1      4 |  100     0.0 |     —     — |       0.0     —   0.705   0.716    0.720   0.760  0.909 |        1.000 | 0.440
  800   1      5 |  100     0.0 |     —     — |       0.0     —   0.793   0.718    0.734   0.794  0.908 |        1.000 | 0.719
  800   1      6 |  100     0.0 |     —     — |       0.0     —   0.780   0.720    0.723   0.816  0.910 |        1.000 | 0.882
  800   1      8 |   99     4.3 |   2.0   0.0 |       4.3 0.453   0.767   0.719    0.726   0.847  0.913 |        0.991 | 0.912
  800   1     10 |   92    57.2 |   0.5   0.0 |      21.5 0.772   0.775   0.713    0.724   0.838  0.911 |        0.883 | 0.930
  800   1     12 |   89    85.2 |   1.6   0.0 |      25.0 0.816   0.786   0.718    0.732   0.842  0.916 |        0.829 | 0.927
  800   1     15 |   78   151.3 |   0.4   0.0 |      25.0 0.833   0.796   0.716    0.725   0.844  0.911 |        0.699 | 0.937
  800   1     20 |   64   241.3 |   1.5   0.0 |      25.0 0.850   0.813   0.710    0.727   0.856  0.913 |        0.532 | 0.940
  800   1     25 |   54   318.0 |   0.9   0.1 |      25.0 0.868   0.850   0.716    0.722   0.867  0.913 |        0.393 | 0.936
  800   1     30 |   44   405.7 |   0.8   0.2 |      25.0 0.871   0.857   0.721    0.725   0.866  0.911 |        0.250 | 0.941
  800   1     40 |   36   476.3 |   1.7   0.8 |      25.0 0.871   0.844   0.711    0.720   0.870  0.904 |        0.159 | 0.934
  800   1     60 |   25   568.5 |   2.1   0.9 |      25.0 0.889   0.855   0.719    0.717   0.887  0.905 |        0.046 | 0.930
  800   1    100 |   18   621.0 |   2.7   1.1 |      25.0 0.883   0.881   0.713    0.728   0.891  0.891 |        0.004 | 0.915
  800   3      3 |   96    28.8 |   0.8   0.0 |       8.3 0.913   0.802   0.721    0.719   0.768  0.909 |        0.944 | 0.894
  800   3      4 |   87    87.2 |   1.1   0.0 |      20.8 0.808   0.804   0.718    0.730   0.797  0.916 |        0.830 | 0.921
  800   3      5 |   73   192.2 |   1.1   0.0 |      21.7 0.761   0.818   0.716    0.727   0.804  0.911 |        0.630 | 0.931
  800   3      6 |   68   223.3 |   1.4   0.0 |      24.8 0.828   0.819   0.724    0.724   0.794  0.915 |        0.578 | 0.931
  800   3      8 |   56   313.2 |   1.4   0.3 |      25.0 0.851   0.795   0.719    0.723   0.837  0.919 |        0.417 | 0.935
  800   3     10 |   43   413.5 |   1.3   0.3 |      25.0 0.872   0.862   0.721    0.724   0.832  0.911 |        0.262 | 0.935
  800   3     12 |   38   454.0 |   1.7   0.3 |      25.0 0.870   0.839   0.719    0.729   0.850  0.907 |        0.203 | 0.934
  800   3     15 |   32   504.5 |   1.3   0.5 |      25.0 0.866   0.854   0.721    0.726   0.856  0.908 |        0.124 | 0.936
  800   3     20 |   27   548.2 |   2.0   0.8 |      25.0 0.880   0.850   0.719    0.719   0.885  0.905 |        0.074 | 0.920
  800   3     25 |   22   589.3 |   1.5   0.5 |      25.0 0.882   0.849   0.713    0.724   0.881  0.910 |        0.027 | 0.927
  800   3     30 |   19   621.0 |   2.2   0.8 |      25.0 0.880   0.845   0.716    0.724   0.872  0.903 |        0.010 | 0.920
  800   3     40 |   17   632.5 |   3.1   1.1 |      25.0 0.888   0.863   0.716    0.726   0.872  0.905 |        0.004 | 0.904
  800   3     60 |   14   662.8 |   4.2   1.4 |      25.0 0.903   0.874   0.719    0.726   0.891  0.915 |        0.000 | 0.874
  800   3    100 |   12   671.5 |   5.4   1.4 |      25.0 0.897   0.876   0.716    0.725   0.887  0.904 |        0.000 | 0.825

== paired differences x1000: stronger, anchor size 25
items var models |      tool - classic |   ungated - classic |      tool - ungated |  classic - filtered
  200   1      3 |                   — |     -29.1 ± 22.4 k6 |                   — |     +33.2 ± 15.5 k6
  200   1      4 |                   — |     -65.1 ± 23.2 k6 |                   — |     +63.6 ± 24.8 k6
  200   1      5 |                   — |     -27.0 ± 49.0 k6 |                   — |     +63.8 ± 29.4 k6
  200   1      6 |                   — |     -16.2 ±  9.9 k6 |                   — |     +67.3 ± 13.3 k6
  200   1      8 |                   — |      +0.7 ± 18.3 k6 |                   — |    +104.4 ± 18.4 k6
  200   1     10 |     -14.5 ±  9.8 k2 |     -25.2 ± 18.5 k6 |     +55.5 ± 21.6 k2 |     +89.6 ± 24.1 k6
  200   1     12 |      +0.7 ± 15.2 k3 |     -29.0 ± 12.2 k6 |     +40.5 ± 12.4 k3 |     +96.7 ± 18.3 k6
  200   1     15 |      +0.1 ± 12.9 k5 |     -22.7 ± 21.1 k6 |     +36.4 ± 14.6 k5 |    +103.6 ± 19.2 k6
  200   1     20 |     -23.5 ± 12.7 k6 |     -36.5 ± 13.9 k6 |     +13.0 ±  6.2 k6 |    +137.0 ± 14.9 k6
  200   1     25 |      -5.6 ±  9.3 k6 |     -26.6 ± 11.7 k6 |     +21.0 ±  6.0 k6 |    +128.7 ± 12.2 k6
  200   1     30 |      -0.3 ± 17.3 k6 |     -30.0 ± 22.6 k6 |     +29.8 ± 13.9 k6 |    +136.2 ± 17.6 k6
  200   1     40 |     +10.9 ±  9.7 k6 |     -16.3 ±  9.4 k6 |     +27.2 ±  9.7 k6 |    +129.1 ±  7.4 k6
  200   1     60 |      -1.6 ±  8.2 k6 |     -16.2 ±  9.7 k6 |     +14.5 ±  4.7 k6 |    +134.3 ±  8.7 k6
  200   1    100 |      +8.3 ±  7.4 k6 |      -7.3 ± 10.1 k6 |     +15.7 ±  9.0 k6 |    +157.3 ±  8.4 k6
  200   3      3 |     -63.3        k1 |      -5.8 ± 18.9 k6 |     -86.2        k1 |     +79.5 ± 12.8 k6
  200   3      4 |     +89.3        k1 |     +27.8 ± 14.8 k6 |      +0.0        k1 |     +59.0 ± 15.0 k6
  200   3      5 |     +15.9 ± 22.7 k5 |      +2.7 ± 16.5 k6 |      +9.5 ± 11.4 k5 |     +86.4 ± 11.3 k6
  200   3      6 |     +27.5 ± 12.2 k5 |     +16.4 ± 15.4 k6 |      +6.9 ± 16.8 k5 |     +74.3 ± 16.7 k6
  200   3      8 |     +27.6 ±  7.0 k6 |     +10.1 ±  6.2 k6 |     +17.5 ±  4.9 k6 |    +104.5 ± 13.0 k6
  200   3     10 |     +25.3 ± 13.0 k6 |      +2.9 ± 17.0 k6 |     +22.4 ±  6.5 k6 |    +124.3 ± 11.2 k6
  200   3     12 |     +17.3 ± 15.0 k6 |      +6.1 ± 17.6 k6 |     +11.2 ±  6.7 k6 |    +123.1 ± 13.5 k6
  200   3     15 |      +2.2 ± 10.1 k6 |     -10.6 ± 15.1 k6 |     +12.8 ±  9.6 k6 |    +127.5 ± 13.2 k6
  200   3     20 |      +2.1 ± 11.6 k6 |      -7.7 ± 11.0 k6 |      +9.8 ±  6.9 k6 |    +131.2 ±  9.0 k6
  200   3     25 |     +14.5 ± 11.4 k6 |      -4.4 ± 13.2 k6 |     +18.9 ±  5.2 k6 |    +141.6 ± 14.2 k6
  200   3     30 |      +6.0 ± 15.8 k6 |      -8.3 ± 20.1 k6 |     +14.3 ±  7.9 k6 |    +139.1 ± 10.5 k6
  200   3     40 |      +7.3 ±  8.0 k6 |     -10.7 ± 12.1 k6 |     +18.0 ±  7.4 k6 |    +148.6 ±  5.0 k6
  200   3     60 |      +7.3 ±  5.0 k6 |      -6.0 ±  7.8 k6 |     +13.3 ±  2.8 k6 |    +167.7 ±  5.7 k6
  200   3    100 |      +8.5 ±  7.1 k6 |     -12.9 ± 12.5 k6 |     +21.4 ±  6.9 k6 |    +150.5 ± 13.7 k6
  800   1      3 |                   — |     -32.2 ± 33.4 k6 |                   — |     +42.3 ± 22.6 k6
  800   1      4 |                   — |     -55.3 ± 48.3 k6 |                   — |     +39.8 ± 29.5 k6
  800   1      5 |                   — |      -0.2 ± 40.0 k6 |                   — |     +59.4 ± 38.8 k6
  800   1      6 |                   — |     -35.6 ± 29.7 k6 |                   — |     +92.5 ± 19.6 k6
  800   1      8 |    -203.5        k1 |     -80.6 ± 43.7 k6 |     +79.6        k1 |    +120.8 ± 21.2 k6
  800   1     10 |     -26.5 ± 25.6 k5 |     -62.7 ± 29.8 k6 |     +41.0 ± 24.9 k5 |    +113.6 ± 28.7 k6
  800   1     12 |     -25.9 ± 19.9 k6 |     -55.8 ± 36.9 k6 |     +29.9 ± 19.8 k6 |    +109.8 ± 28.9 k6
  800   1     15 |     -11.5 ± 27.9 k6 |     -47.9 ± 29.9 k6 |     +36.4 ± 13.2 k6 |    +119.6 ± 19.9 k6
  800   1     20 |      -6.7 ± 29.3 k6 |     -43.4 ± 37.8 k6 |     +36.7 ± 17.8 k6 |    +129.7 ± 26.4 k6
  800   1     25 |      +1.0 ± 29.5 k6 |     -17.7 ± 30.6 k6 |     +18.7 ±  6.8 k6 |    +145.1 ± 25.8 k6
  800   1     30 |      +5.0 ± 27.1 k6 |      -9.1 ± 31.0 k6 |     +14.2 ±  5.0 k6 |    +141.0 ± 18.6 k6
  800   1     40 |      +0.8 ± 14.5 k6 |     -26.5 ±  8.8 k6 |     +27.3 ±  6.9 k6 |    +150.2 ±  7.8 k6
  800   1     60 |      +2.2 ± 10.7 k6 |     -31.5 ± 20.5 k6 |     +33.8 ± 16.3 k6 |    +169.3 ±  8.5 k6
  800   1    100 |      -7.7 ± 10.4 k6 |     -10.4 ± 10.7 k6 |      +2.7 ±  2.7 k6 |    +162.9 ±  8.7 k6
  800   3      3 |     +71.6 ± 25.0 k2 |     +33.7 ± 28.0 k6 |     +20.7 ±  1.9 k2 |     +49.6 ± 20.5 k6
  800   3      4 |      +6.1 ± 11.8 k5 |      +6.7 ± 18.0 k6 |     +13.5 ±  9.3 k5 |     +67.4 ± 17.2 k6
  800   3      5 |     +27.7 ± 14.3 k5 |     +14.0 ± 12.6 k6 |     +10.4 ±  6.4 k5 |     +77.6 ± 14.9 k6
  800   3      6 |     +54.6 ± 16.9 k5 |     +24.9 ± 18.0 k6 |     +16.1 ±  5.9 k5 |     +69.9 ± 20.1 k6
  800   3      8 |     +13.7 ± 22.5 k6 |     -42.2 ± 34.6 k6 |     +55.9 ± 21.1 k6 |    +114.9 ± 15.2 k6
  800   3     10 |     +40.1 ± 18.2 k6 |     +30.1 ± 22.9 k6 |     +10.1 ±  5.8 k6 |    +108.6 ±  9.0 k6
  800   3     12 |     +19.6 ± 20.6 k6 |     -10.8 ± 18.9 k6 |     +30.4 ± 12.7 k6 |    +121.4 ± 10.7 k6
  800   3     15 |     +10.0 ± 25.3 k6 |      -2.8 ± 25.8 k6 |     +12.8 ±  5.8 k6 |    +130.4 ± 16.8 k6
  800   3     20 |      -4.3 ± 12.5 k6 |     -34.5 ± 23.0 k6 |     +30.3 ± 15.0 k6 |    +165.6 ±  8.1 k6
  800   3     25 |      +0.7 ± 20.7 k6 |     -32.4 ± 26.0 k6 |     +33.1 ±  9.7 k6 |    +157.5 ±  9.5 k6
  800   3     30 |      +8.0 ± 22.5 k6 |     -26.9 ± 19.6 k6 |     +34.9 ± 11.9 k6 |    +148.1 ± 12.6 k6
  800   3     40 |     +15.7 ± 16.5 k6 |      -9.1 ± 19.5 k6 |     +24.8 ±  7.6 k6 |    +146.4 ±  9.0 k6
  800   3     60 |     +11.8 ±  7.9 k6 |     -16.9 ± 15.0 k6 |     +28.7 ±  8.1 k6 |    +164.9 ±  5.2 k6
  800   3    100 |      +9.5 ± 10.8 k6 |     -10.7 ± 16.4 k6 |     +20.3 ±  9.7 k6 |    +161.8 ± 13.3 k6

== fresh models: stronger (1.0, 0.7), anchor size 50
items var models | ins%  usable | flat% back% | stronger_n50: size  tool ungated  random filtered classic oracle | live-refused | cover
---------------------------------------------------------------------------------------------------------------------------------------
  200   1      3 |  100     0.0 |     —     — |       0.0     —   0.837   0.823    0.829   0.854  0.928 |        1.000 | 0.482
  200   1      4 |  100     0.0 |     —     — |       0.0     —   0.832   0.828    0.814   0.852  0.933 |        1.000 | 0.459
  200   1      5 |  100     0.0 |     —     — |       0.0     —   0.860   0.822    0.826   0.864  0.931 |        1.000 | 0.669
  200   1      6 |  100     0.0 |     —     — |       0.0     —   0.870   0.817    0.825   0.870  0.933 |        1.000 | 0.872
  200   1      8 |  100     0.2 |   0.0   0.0 |       0.2 0.223   0.891   0.826    0.832   0.895  0.933 |        0.999 | 0.908
  200   1     10 |   93    12.8 |   2.5   0.0 |      12.8 0.589   0.875   0.829    0.833   0.894  0.933 |        0.897 | 0.933
  200   1     12 |   87    23.2 |   0.6   0.0 |      23.2 0.793   0.880   0.823    0.828   0.895  0.933 |        0.812 | 0.923
  200   1     15 |   76    41.5 |   3.2   1.5 |      39.5 0.812   0.878   0.821    0.825   0.902  0.931 |        0.675 | 0.924
  200   1     20 |   64    60.7 |   1.7   0.0 |      47.0 0.892   0.886   0.821    0.829   0.901  0.929 |        0.539 | 0.927
  200   1     25 |   54    80.7 |   1.2   0.5 |      50.0 0.908   0.902   0.830    0.833   0.908  0.935 |        0.410 | 0.922
  200   1     30 |   46    95.0 |   1.9   0.3 |      50.0 0.908   0.895   0.822    0.828   0.902  0.931 |        0.294 | 0.932
  200   1     40 |   34   123.3 |   2.0   0.8 |      50.0 0.911   0.902   0.827    0.828   0.908  0.932 |        0.149 | 0.922
  200   1     60 |   25   140.7 |   1.2   0.6 |      50.0 0.921   0.915   0.827    0.832   0.922  0.931 |        0.045 | 0.925
  200   1    100 |   18   153.7 |   2.8   0.9 |      50.0 0.925   0.920   0.829    0.832   0.924  0.936 |        0.006 | 0.908
  200   3      3 |   97     6.5 |   1.6   0.0 |       6.5 0.800   0.876   0.827    0.824   0.876  0.933 |        0.950 | 0.845
  200   3      4 |   88    19.8 |   1.2   0.0 |      16.7 0.687   0.874   0.823    0.824   0.866  0.933 |        0.846 | 0.902
  200   3      5 |   74    47.3 |   2.1   0.0 |      37.0 0.833   0.885   0.821    0.825   0.892  0.931 |        0.632 | 0.926
  200   3      6 |   69    51.5 |   0.9   0.0 |      35.8 0.807   0.887   0.825    0.830   0.891  0.930 |        0.597 | 0.922
  200   3      8 |   57    75.8 |   0.5   0.0 |      47.0 0.901   0.901   0.824    0.831   0.907  0.932 |        0.422 | 0.922
  200   3     10 |   45    99.2 |   1.4   0.2 |      49.7 0.911   0.901   0.822    0.827   0.909  0.931 |        0.284 | 0.919
  200   3     12 |   40   110.7 |   1.0   0.5 |      50.0 0.913   0.908   0.823    0.828   0.905  0.931 |        0.212 | 0.918
  200   3     15 |   33   122.2 |   0.8   0.3 |      50.0 0.917   0.905   0.825    0.825   0.909  0.932 |        0.131 | 0.926
  200   3     20 |   28   135.3 |   1.6   0.7 |      50.0 0.917   0.911   0.827    0.833   0.914  0.931 |        0.084 | 0.912
  200   3     25 |   23   148.0 |   2.5   0.9 |      50.0 0.924   0.916   0.827    0.831   0.916  0.936 |        0.036 | 0.908
  200   3     30 |   19   155.2 |   2.9   0.7 |      50.0 0.927   0.917   0.835    0.835   0.919  0.936 |        0.020 | 0.911
  200   3     40 |   16   159.3 |   2.8   0.8 |      50.0 0.929   0.923   0.830    0.832   0.926  0.936 |        0.004 | 0.910
  200   3     60 |   14   164.0 |   3.2   1.0 |      50.0 0.929   0.922   0.826    0.827   0.927  0.934 |        0.000 | 0.899
  200   3    100 |   11   168.8 |   5.6   0.9 |      50.0 0.931   0.923   0.830    0.830   0.928  0.934 |        0.000 | 0.873
  800   1      3 |  100     0.0 |     —     — |       0.0     —   0.851   0.826    0.827   0.868  0.951 |        1.000 | 0.403
  800   1      4 |  100     0.0 |     —     — |       0.0     —   0.833   0.827    0.822   0.852  0.949 |        1.000 | 0.440
  800   1      5 |  100     0.0 |     —     — |       0.0     —   0.865   0.829    0.829   0.876  0.948 |        1.000 | 0.719
  800   1      6 |  100     0.0 |     —     — |       0.0     —   0.865   0.825    0.830   0.899  0.949 |        1.000 | 0.882
  800   1      8 |   99     4.3 |   2.0   0.0 |       4.3 0.453   0.881   0.830    0.833   0.901  0.952 |        0.991 | 0.912
  800   1     10 |   92    57.2 |   0.5   0.0 |      38.2 0.830   0.877   0.825    0.829   0.906  0.950 |        0.883 | 0.930
  800   1     12 |   89    85.2 |   1.6   0.0 |      44.8 0.878   0.882   0.830    0.831   0.900  0.951 |        0.829 | 0.927
  800   1     15 |   78   151.3 |   0.4   0.0 |      50.0 0.899   0.884   0.825    0.828   0.907  0.949 |        0.699 | 0.937
  800   1     20 |   64   241.3 |   1.5   0.0 |      50.0 0.913   0.896   0.826    0.830   0.920  0.949 |        0.532 | 0.940
  800   1     25 |   54   318.0 |   0.9   0.1 |      50.0 0.925   0.913   0.825    0.831   0.917  0.952 |        0.393 | 0.936
  800   1     30 |   44   405.7 |   0.8   0.2 |      50.0 0.926   0.917   0.826    0.833   0.925  0.949 |        0.250 | 0.941
  800   1     40 |   36   476.3 |   1.7   0.8 |      50.0 0.927   0.914   0.826    0.827   0.925  0.949 |        0.159 | 0.934
  800   1     60 |   25   568.5 |   2.1   0.9 |      50.0 0.937   0.921   0.824    0.824   0.935  0.949 |        0.046 | 0.930
  800   1    100 |   18   621.0 |   2.7   1.1 |      50.0 0.935   0.922   0.830    0.831   0.933  0.944 |        0.004 | 0.915
  800   3      3 |   96    28.8 |   0.8   0.0 |      15.5 0.937   0.886   0.822    0.823   0.866  0.949 |        0.944 | 0.894
  800   3      4 |   87    87.2 |   1.1   0.0 |      38.3 0.867   0.879   0.830    0.833   0.873  0.951 |        0.830 | 0.921
  800   3      5 |   73   192.2 |   1.1   0.0 |      42.5 0.819   0.892   0.825    0.828   0.878  0.949 |        0.630 | 0.931
  800   3      6 |   68   223.3 |   1.4   0.0 |      45.7 0.879   0.894   0.825    0.828   0.882  0.952 |        0.578 | 0.931
  800   3      8 |   56   313.2 |   1.4   0.3 |      50.0 0.915   0.898   0.825    0.831   0.908  0.952 |        0.417 | 0.935
  800   3     10 |   43   413.5 |   1.3   0.3 |      50.0 0.925   0.914   0.826    0.830   0.906  0.949 |        0.262 | 0.935
  800   3     12 |   38   454.0 |   1.7   0.3 |      50.0 0.921   0.910   0.828    0.828   0.916  0.948 |        0.203 | 0.934
  800   3     15 |   32   504.5 |   1.3   0.5 |      50.0 0.925   0.914   0.830    0.833   0.920  0.952 |        0.124 | 0.936
  800   3     20 |   27   548.2 |   2.0   0.8 |      50.0 0.933   0.915   0.824    0.826   0.928  0.949 |        0.074 | 0.920
  800   3     25 |   22   589.3 |   1.5   0.5 |      50.0 0.933   0.917   0.831    0.826   0.931  0.949 |        0.027 | 0.927
  800   3     30 |   19   621.0 |   2.2   0.8 |      50.0 0.934   0.915   0.825    0.826   0.928  0.948 |        0.010 | 0.920
  800   3     40 |   17   632.5 |   3.1   1.1 |      50.0 0.936   0.926   0.826    0.823   0.930  0.947 |        0.004 | 0.904
  800   3     60 |   14   662.8 |   4.2   1.4 |      50.0 0.945   0.935   0.825    0.826   0.941  0.952 |        0.000 | 0.874
  800   3    100 |   12   671.5 |   5.4   1.4 |      50.0 0.944   0.932   0.824    0.830   0.934  0.948 |        0.000 | 0.825

== paired differences x1000: stronger, anchor size 50
items var models |      tool - classic |   ungated - classic |      tool - ungated |  classic - filtered
  200   1      3 |                   — |     -16.4 ±  5.0 k6 |                   — |     +25.1 ±  8.1 k6
  200   1      4 |                   — |     -20.2 ± 15.1 k6 |                   — |     +38.0 ±  9.2 k6
  200   1      5 |                   — |      -3.9 ± 22.5 k6 |                   — |     +37.9 ± 12.7 k6
  200   1      6 |                   — |      -0.3 ±  7.4 k6 |                   — |     +44.8 ±  7.6 k6
  200   1      8 |                   — |      -3.9 ±  6.2 k6 |                   — |     +63.6 ±  8.4 k6
  200   1     10 |                   — |     -18.6 ±  9.0 k6 |                   — |     +60.7 ±  7.7 k6
  200   1     12 |                   — |     -15.2 ±  3.5 k6 |                   — |     +66.9 ±  4.7 k6
  200   1     15 |      -8.0 ±  8.2 k2 |     -24.6 ±  8.1 k6 |      +8.6 ±  1.4 k2 |     +76.7 ±  5.6 k6
  200   1     20 |      -1.5 ±  4.2 k4 |     -14.8 ±  2.6 k6 |     +14.9 ±  1.2 k4 |     +72.3 ±  9.3 k6
  200   1     25 |      -0.1 ±  6.5 k6 |      -6.9 ±  6.1 k6 |      +6.8 ±  2.3 k6 |     +75.5 ±  7.1 k6
  200   1     30 |      +5.4 ±  4.7 k6 |      -7.1 ±  7.7 k6 |     +12.6 ±  4.4 k6 |     +74.1 ±  9.9 k6
  200   1     40 |      +3.5 ±  2.8 k6 |      -5.5 ±  3.5 k6 |      +9.0 ±  3.1 k6 |     +80.1 ±  3.8 k6
  200   1     60 |      -1.3 ±  0.8 k6 |      -7.1 ±  2.4 k6 |      +5.7 ±  2.4 k6 |     +90.4 ±  1.9 k6
  200   1    100 |      +1.3 ±  1.9 k6 |      -4.1 ±  2.2 k6 |      +5.4 ±  2.5 k6 |     +91.7 ±  4.1 k6
  200   3      3 |                   — |      -0.7 ±  9.5 k6 |                   — |     +52.3 ±  5.7 k6
  200   3      4 |     +15.7        k1 |      +7.3 ±  2.0 k6 |      +3.3        k1 |     +42.2 ±  6.6 k6
  200   3      5 |      +1.8 ±  6.1 k3 |      -7.3 ±  5.2 k6 |     +16.3 ±  4.4 k3 |     +67.0 ±  5.6 k6
  200   3      6 |      +5.8 ±  7.4 k3 |      -3.2 ±  5.1 k6 |     +16.8 ±  3.9 k3 |     +61.0 ±  9.3 k6
  200   3      8 |      +7.2 ±  2.3 k4 |      -5.9 ±  5.2 k6 |     +10.3 ±  5.2 k4 |     +75.9 ±  4.4 k6
  200   3     10 |      +4.6 ±  6.3 k5 |      -7.1 ± 10.5 k6 |     +14.4 ±  6.8 k5 |     +81.5 ±  4.9 k6
  200   3     12 |      +8.2 ±  4.4 k6 |      +2.9 ±  5.7 k6 |      +5.3 ±  6.5 k6 |     +76.9 ±  5.2 k6
  200   3     15 |      +8.1 ±  5.6 k6 |      -3.5 ±  5.2 k6 |     +11.5 ±  3.9 k6 |     +83.6 ±  8.7 k6
  200   3     20 |      +3.1 ±  4.0 k6 |      -3.2 ±  4.6 k6 |      +6.2 ±  2.6 k6 |     +81.3 ±  4.1 k6
  200   3     25 |      +8.1 ±  6.9 k6 |      +0.4 ±  8.2 k6 |      +7.7 ±  2.8 k6 |     +85.3 ±  8.3 k6
  200   3     30 |      +7.8 ±  5.6 k6 |      -1.6 ±  7.6 k6 |      +9.4 ±  3.1 k6 |     +84.1 ±  6.5 k6
  200   3     40 |      +2.7 ±  1.8 k6 |      -3.0 ±  3.1 k6 |      +5.7 ±  2.5 k6 |     +94.1 ±  2.7 k6
  200   3     60 |      +1.9 ±  1.4 k6 |      -5.0 ±  3.0 k6 |      +6.9 ±  2.0 k6 |    +100.0 ±  3.7 k6
  200   3    100 |      +3.3 ±  1.8 k6 |      -4.4 ±  2.7 k6 |      +7.7 ±  1.7 k6 |     +97.6 ±  3.6 k6
  800   1      3 |                   — |     -16.7 ± 12.6 k6 |                   — |     +41.3 ±  9.6 k6
  800   1      4 |                   — |     -19.1 ± 31.6 k6 |                   — |     +29.8 ± 22.3 k6
  800   1      5 |                   — |     -11.6 ± 29.9 k6 |                   — |     +46.9 ± 22.0 k6
  800   1      6 |                   — |     -34.0 ± 10.3 k6 |                   — |     +68.6 ± 13.9 k6
  800   1      8 |                   — |     -19.9 ± 13.2 k6 |                   — |     +68.3 ± 14.5 k6
  800   1     10 |      -9.8 ±  3.1 k4 |     -28.8 ± 22.9 k6 |     +38.9 ± 28.2 k4 |     +76.9 ± 16.1 k6
  800   1     12 |      -2.6 ± 24.0 k4 |     -18.0 ± 20.9 k6 |     +29.1 ±  8.0 k4 |     +68.6 ± 18.6 k6
  800   1     15 |      -7.1 ± 12.5 k6 |     -22.9 ± 13.9 k6 |     +15.8 ±  6.3 k6 |     +78.3 ±  8.4 k6
  800   1     20 |      -7.6 ± 12.7 k6 |     -24.3 ± 15.8 k6 |     +16.7 ±  5.2 k6 |     +90.3 ± 11.9 k6
  800   1     25 |      +7.7 ± 16.7 k6 |      -3.9 ± 17.9 k6 |     +11.6 ±  5.4 k6 |     +86.1 ± 17.4 k6
  800   1     30 |      +0.9 ± 12.1 k6 |      -7.6 ± 16.2 k6 |      +8.5 ±  5.0 k6 |     +91.9 ±  8.0 k6
  800   1     40 |      +2.7 ±  8.4 k6 |     -10.2 ±  8.5 k6 |     +12.9 ±  2.6 k6 |     +98.0 ±  3.9 k6
  800   1     60 |      +2.0 ±  3.7 k6 |     -14.1 ±  8.3 k6 |     +16.1 ±  8.1 k6 |    +110.9 ±  5.4 k6
  800   1    100 |      +2.4 ±  6.0 k6 |     -11.1 ±  8.4 k6 |     +13.5 ±  4.9 k6 |    +101.9 ±  6.3 k6
  800   3      3 |     +29.5        k1 |     +19.9 ± 15.7 k6 |      +5.6        k1 |     +42.6 ± 11.2 k6
  800   3      4 |     -14.2 ± 26.2 k4 |      +5.7 ± 17.5 k6 |      -2.2 ±  9.4 k4 |     +40.1 ± 13.5 k6
  800   3      5 |     +27.5 ±  4.7 k5 |     +14.0 ±  5.6 k6 |      +9.5 ±  4.5 k5 |     +50.9 ±  9.5 k6
  800   3      6 |     +26.1 ± 10.1 k5 |     +11.6 ± 10.1 k6 |      +9.7 ±  3.2 k5 |     +53.7 ±  9.7 k6
  800   3      8 |      +7.3 ± 13.3 k6 |     -10.2 ± 14.5 k6 |     +17.5 ±  5.5 k6 |     +77.1 ±  6.7 k6
  800   3     10 |     +19.6 ± 13.3 k6 |      +8.0 ± 16.5 k6 |     +11.6 ±  4.8 k6 |     +75.7 ±  8.3 k6
  800   3     12 |      +5.3 ± 12.5 k6 |      -5.4 ± 12.4 k6 |     +10.8 ±  3.6 k6 |     +88.3 ±  5.8 k6
  800   3     15 |      +5.6 ± 15.3 k6 |      -5.6 ± 15.7 k6 |     +11.1 ±  2.5 k6 |     +86.7 ±  8.2 k6
  800   3     20 |      +5.4 ±  6.1 k6 |     -13.1 ± 10.2 k6 |     +18.5 ±  5.1 k6 |    +101.3 ±  5.5 k6
  800   3     25 |      +1.5 ±  7.5 k6 |     -13.8 ±  9.4 k6 |     +15.3 ±  3.4 k6 |    +105.2 ±  5.2 k6
  800   3     30 |      +6.8 ±  8.8 k6 |     -12.5 ±  8.6 k6 |     +19.3 ±  5.7 k6 |    +101.5 ±  7.9 k6
  800   3     40 |      +6.2 ±  7.7 k6 |      -4.6 ± 10.2 k6 |     +10.8 ±  2.8 k6 |    +107.3 ±  3.5 k6
  800   3     60 |      +4.6 ±  2.7 k6 |      -5.3 ±  4.3 k6 |      +9.8 ±  2.7 k6 |    +114.8 ±  3.6 k6
  800   3    100 |     +10.0 ±  5.3 k6 |      -2.0 ±  6.1 k6 |     +12.0 ±  1.1 k6 |    +103.9 ±  6.3 k6

== where planted mis-keyed items end up (share of planted)
items var models | planted |     inverted          dead  insufficient        usable          edge | fitted a<0
  200   1      3 |     4.0 |         0.00          0.00          0.46          0.00          0.54 |       0.75
  200   1      4 |     4.0 |         0.00          0.00          0.71          0.00          0.29 |       0.79
  200   1      5 |     4.0 |         0.00          0.00          0.79          0.00          0.21 |       0.71
  200   1      6 |     4.0 |         0.00          0.00          0.88          0.00          0.12 |       0.83
  200   1      8 |     4.0 |         0.00          0.00          0.92          0.00          0.08 |       0.83
  200   1     10 |     4.0 |         0.08          0.00          0.88          0.00          0.04 |       0.88
  200   1     12 |     4.0 |         0.17          0.00          0.79          0.00          0.04 |       0.75
  200   1     15 |     4.0 |         0.29          0.00          0.67          0.04          0.00 |       0.75
  200   1     20 |     4.0 |         0.50          0.00          0.50          0.00          0.00 |       0.75
  200   1     25 |     4.0 |         0.38          0.00          0.54          0.08          0.00 |       0.46
  200   1     30 |     4.0 |         0.71          0.00          0.21          0.08          0.00 |       0.79
  200   1     40 |     4.0 |         0.58          0.00          0.17          0.25          0.00 |       0.62
  200   1     60 |     4.0 |         0.50          0.00          0.29          0.21          0.00 |       0.67
  200   1    100 |     4.0 |         0.50          0.00          0.17          0.33          0.00 |       0.50
  200   3      3 |     4.0 |         0.04          0.00          0.83          0.00          0.12 |       0.46
  200   3      4 |     4.0 |         0.17          0.00          0.75          0.00          0.08 |       0.54
  200   3      5 |     4.0 |         0.42          0.00          0.58          0.00          0.00 |       0.71
  200   3      6 |     4.0 |         0.42          0.00          0.54          0.00          0.04 |       0.62
  200   3      8 |     4.0 |         0.54          0.00          0.42          0.00          0.04 |       0.83
  200   3     10 |     4.0 |         0.58          0.00          0.38          0.04          0.00 |       0.71
  200   3     12 |     4.0 |         0.58          0.00          0.33          0.08          0.00 |       0.71
  200   3     15 |     4.0 |         0.62          0.00          0.29          0.08          0.00 |       0.67
  200   3     20 |     4.0 |         0.42          0.00          0.29          0.25          0.04 |       0.46
  200   3     25 |     4.0 |         0.54          0.00          0.12          0.33          0.00 |       0.54
  200   3     30 |     4.0 |         0.62          0.00          0.08          0.29          0.00 |       0.62
  200   3     40 |     4.0 |         0.58          0.00          0.04          0.33          0.04 |       0.58
  200   3     60 |     4.0 |         0.54          0.17          0.04          0.25          0.00 |       0.54
  200   3    100 |     4.0 |         0.62          0.25          0.00          0.12          0.00 |       0.62
  800   1      3 |    16.0 |         0.00          0.00          0.61          0.00          0.39 |       0.62
  800   1      4 |    16.0 |         0.00          0.00          0.74          0.00          0.26 |       0.62
  800   1      5 |    16.0 |         0.00          0.00          0.86          0.00          0.14 |       0.75
  800   1      6 |    16.0 |         0.00          0.00          0.86          0.00          0.14 |       0.75
  800   1      8 |    16.0 |         0.01          0.00          0.91          0.00          0.08 |       0.80
  800   1     10 |    16.0 |         0.18          0.00          0.73          0.00          0.09 |       0.77
  800   1     12 |    16.0 |         0.23          0.00          0.70          0.00          0.07 |       0.72
  800   1     15 |    16.0 |         0.32          0.00          0.65          0.00          0.03 |       0.74
  800   1     20 |    16.0 |         0.39          0.00          0.60          0.00          0.01 |       0.73
  800   1     25 |    16.0 |         0.44          0.00          0.51          0.02          0.03 |       0.59
  800   1     30 |    16.0 |         0.51          0.00          0.44          0.05          0.00 |       0.71
  800   1     40 |    16.0 |         0.49          0.00          0.28          0.23          0.00 |       0.59
  800   1     60 |    16.0 |         0.52          0.00          0.18          0.30          0.00 |       0.55
  800   1    100 |    16.0 |         0.51          0.00          0.07          0.42          0.00 |       0.51
  800   3      3 |    16.0 |         0.08          0.00          0.85          0.00          0.06 |       0.57
  800   3      4 |    16.0 |         0.19          0.00          0.70          0.00          0.11 |       0.68
  800   3      5 |    16.0 |         0.48          0.00          0.50          0.00          0.02 |       0.78
  800   3      6 |    16.0 |         0.49          0.00          0.48          0.00          0.03 |       0.81
  800   3      8 |    16.0 |         0.51          0.00          0.44          0.04          0.01 |       0.74
  800   3     10 |    16.0 |         0.56          0.00          0.39          0.05          0.00 |       0.78
  800   3     12 |    16.0 |         0.58          0.00          0.32          0.09          0.00 |       0.69
  800   3     15 |    16.0 |         0.52          0.00          0.30          0.16          0.02 |       0.61
  800   3     20 |    16.0 |         0.51          0.00          0.22          0.27          0.00 |       0.53
  800   3     25 |    16.0 |         0.65          0.00          0.17          0.19          0.00 |       0.66
  800   3     30 |    16.0 |         0.55          0.00          0.15          0.29          0.01 |       0.55
  800   3     40 |    16.0 |         0.51          0.04          0.06          0.39          0.00 |       0.51
  800   3     60 |    16.0 |         0.42          0.20          0.01          0.38          0.00 |       0.42
  800   3    100 |    16.0 |         0.43          0.36          0.00          0.21          0.00 |       0.43
